x Re(psi) Im(psi)
-1.000000000000000000e+01 2.231696383919775928e-01 -5.334688214512548012e-27
-9.921568627450980671e+00 2.231696383919769822e-01 -5.415152026845090498e-27
-9.843137254901961342e+00 2.231696383919763993e-01 -5.486938369220201855e-27
-9.764705882352942012e+00 2.231696383919758164e-01 -5.559119142047923718e-27
-9.686274509803920907e+00 2.231696383919752058e-01 -5.631299914875644863e-27
-9.607843137254901578e+00 2.231696383919745952e-01 -5.701508535440314196e-27
-9.529411764705882248e+00 2.231696383919739846e-01 -5.762645255594941176e-27
-9.450980392156862919e+00 2.231696383919733462e-01 -5.826148558465231192e-27
-9.372549019607843590e+00 2.231696383919727078e-01 -5.878213378209816536e-27
-9.294117647058824261e+00 2.231696383919720694e-01 -5.936983515648780481e-27
-9.215686274509803155e+00 2.231696383919714310e-01 -5.982737448151597730e-27
-9.137254901960783826e+00 2.231696383919707927e-01 -6.025730367486140721e-27
-9.058823529411764497e+00 2.231696383919701543e-01 -6.065962273652410171e-27
-8.980392156862745168e+00 2.231696383919695159e-01 -6.105799749366069832e-27
-8.901960784313725839e+00 2.231696383919688498e-01 -6.131043298333140775e-27
-8.823529411764706509e+00 2.231696383919682114e-01 -6.154906340716074230e-27
-8.745098039215687180e+00 2.231696383919675730e-01 -6.176402800383345367e-27
-8.666666666666666075e+00 2.231696383919669069e-01 -6.192968879392985180e-27
-8.588235294117646745e+00 2.231696383919662685e-01 -6.203421286387162151e-27
-8.509803921568627416e+00 2.231696383919656301e-01 -6.212295971570897816e-27
-8.431372549019608087e+00 2.231696383919649640e-01 -6.217423567454832958e-27
-8.352941176470588758e+00 2.231696383919643256e-01 -6.225114961280737106e-27
-8.274509803921567652e+00 2.231696383919636872e-01 -6.223142809017683141e-27
-8.196078431372548323e+00 2.231696383919630211e-01 -6.220579011075714136e-27
-8.117647058823528994e+00 2.231696383919623827e-01 -6.210915464986755306e-27
-8.039215686274509665e+00 2.231696383919617166e-01 -6.202435210255628712e-27
-7.960784313725490335e+00 2.231696383919610505e-01 -6.190207866224702311e-27
-7.882352941176471006e+00 2.231696383919604121e-01 -6.170486343594176299e-27
-7.803921568627450789e+00 2.231696383919597459e-01 -6.146031655532324933e-27
-7.725490196078431460e+00 2.231696383919591353e-01 -6.127887854712240944e-27
-7.647058823529411242e+00 2.231696383919585525e-01 -6.097911140313842495e-27
-7.568627450980391913e+00 2.231696383919579418e-01 -6.062412399578896246e-27
-7.490196078431372584e+00 2.231696383919573590e-01 -6.030019798658258449e-27
-7.411764705882353255e+00 2.231696383919568039e-01 -5.986583145064526487e-27
-7.333333333333333925e+00 2.231696383919562487e-01 -5.941765984886657753e-27
-7.254901960784313708e+00 2.231696383919557214e-01 -5.896528201608934848e-27
-7.176470588235294379e+00 2.231696383919552218e-01 -5.846708245807525831e-27
-7.098039215686274161e+00 2.231696383919547222e-01 -5.801398047563894683e-27
-7.019607843137254832e+00 2.231696383919542226e-01 -5.745487530906355471e-27
-6.941176470588235503e+00 2.231696383919537785e-01 -5.687999292438374953e-27
-6.862745098039216174e+00 2.231696383919533344e-01 -5.622326622078726438e-27
-6.784313725490195957e+00 2.231696383919528903e-01 -5.559908002953114596e-27
-6.705882352941176627e+00 2.231696383919525017e-01 -5.488220268191156583e-27
-6.627450980392156410e+00 2.231696383919521132e-01 -5.414757596392450576e-27
-6.549019607843137081e+00 2.231696383919517246e-01 -5.340999101754287407e-27
-6.470588235294117752e+00 2.231696383919513915e-01 -5.266057315758292721e-27
-6.392156862745098422e+00 2.231696383919510585e-01 -5.182043629352256399e-27
-6.313725490196079093e+00 2.231696383919507254e-01 -5.100002095209272606e-27
-6.235294117647058876e+00 2.231696383919504478e-01 -5.016185624029542254e-27
-6.156862745098038658e+00 2.231696383919501703e-01 -4.926058265608043807e-27
-6.078431372549019329e+00 2.231696383919498927e-01 -4.831197741755219290e-27
-6.000000000000000000e+00 2.231696383919496707e-01 -4.733181774281511443e-27
-5.921568627450980671e+00 2.231696383919494486e-01 -4.635165806807802879e-27
-5.843137254901960453e+00 2.231696383919492266e-01 -4.540502498181283615e-27
-5.764705882352941124e+00 2.231696383919490323e-01 -4.432625769392312403e-27
-5.686274509803921795e+00 2.231696383919488658e-01 -4.326326762413782497e-27
-5.607843137254901578e+00 2.231696383919486992e-01 -4.211941931156737220e-27
-5.529411764705882248e+00 2.231696383919485605e-01 -4.102093050104712761e-27
-5.450980392156862919e+00 2.231696383919484494e-01 -3.983566699095257172e-27
-5.372549019607843590e+00 2.231696383919483384e-01 -3.870956804874959172e-27
-5.294117647058823373e+00 2.231696383919482551e-01 -3.758248303041507827e-27
-5.215686274509804043e+00 2.231696383919481996e-01 -3.642976003266088195e-27
-5.137254901960784714e+00 2.231696383919481441e-01 -3.518533195467473583e-27
-5.058823529411764497e+00 2.231696383919481164e-01 -3.397147223676590391e-27
-4.980392156862745168e+00 2.231696383919480886e-01 -3.271816947359602140e-27
-4.901960784313725839e+00 2.231696383919480886e-01 -3.145599202524239534e-27
-4.823529411764705621e+00 2.231696383919480886e-01 -3.016226014067992881e-27
-4.745098039215686292e+00 2.231696383919480886e-01 -2.888824977874798398e-27
-4.666666666666666963e+00 2.231696383919480886e-01 -2.755901915345056832e-27
-4.588235294117646745e+00 2.231696383919481164e-01 -2.629684170509693867e-27
-4.509803921568627416e+00 2.231696383919481441e-01 -2.495972247074731290e-27
-4.431372549019608087e+00 2.231696383919481719e-01 -2.364626906355431390e-27
-4.352941176470588758e+00 2.231696383919482274e-01 -2.224998526131310865e-27
-4.274509803921568540e+00 2.231696383919482829e-01 -2.087342298170242870e-27
-4.196078431372549211e+00 2.231696383919483107e-01 -1.948502778851342999e-27
-4.117647058823529882e+00 2.231696383919483662e-01 -1.808479968174611610e-27
-4.039215686274509665e+00 2.231696383919484217e-01 -1.668851587950490726e-27
-3.960784313725490335e+00 2.231696383919484494e-01 -1.524884472747654278e-27
-3.882352941176471006e+00 2.231696383919485327e-01 -1.377367483471323456e-27
-3.803921568627450789e+00 2.231696383919485882e-01 -1.232019861684350417e-27
-3.725490196078431460e+00 2.231696383919486160e-01 -1.083911226729103836e-27
-3.647058823529412130e+00 2.231696383919486992e-01 -9.379719592632152172e-28
-3.568627450980391913e+00 2.231696383919487547e-01 -7.938076288340739645e-28
-3.490196078431372584e+00 2.231696383919487825e-01 -6.484600070471013735e-28
-3.411764705882353255e+00 2.231696383919488658e-01 -4.997597264129395719e-28
-3.333333333333333037e+00 2.231696383919489213e-01 -3.552009655311880824e-28
-3.254901960784313708e+00 2.231696383919489490e-01 -2.076839762548577986e-28
-3.176470588235294379e+00 2.231696383919490323e-01 -5.918091084700129487e-29
-3.098039215686274161e+00 2.231696383919490878e-01 9.287202863434973956e-29
-3.019607843137254832e+00 2.231696383919491433e-01 2.433472463052586159e-28
-2.941176470588235503e+00 2.231696383919492266e-01 3.904698051289780350e-28
-2.862745098039216174e+00 2.231696383919492821e-01 5.399589466683603551e-28
-2.784313725490195957e+00 2.231696383919493654e-01 6.866870750394689096e-28
-2.705882352941176627e+00 2.231696383919494486e-01 8.369650774840721070e-28
-2.627450980392157298e+00 2.231696383919495041e-01 9.868486494760647087e-28
-2.549019607843137081e+00 2.231696383919495874e-01 1.133182347394562578e-27
-2.470588235294117752e+00 2.231696383919496707e-01 1.281833324222147169e-27
-2.392156862745098422e+00 2.231696383919497539e-01 1.426145566071016196e-27
-2.313725490196078205e+00 2.231696383919498372e-01 1.569866162240969284e-27
-2.235294117647058876e+00 2.231696383919499205e-01 1.714743857121510224e-27
-2.156862745098039547e+00 2.231696383919500037e-01 1.863322418983185317e-27
-2.078431372549019329e+00 2.231696383919500870e-01 2.006944407539985420e-27
-2.000000000000000000e+00 2.231696383919501980e-01 2.149826838998140825e-27
-1.921568627450980671e+00 2.231696383919502813e-01 2.289948257288022688e-27
-1.843137254901961342e+00 2.231696383919503646e-01 2.426618409117562266e-27
-1.764705882352942012e+00 2.231696383919504756e-01 2.566148181728527653e-27
-1.686274509803920907e+00 2.231696383919505589e-01 2.698775421418809186e-27
-1.607843137254901578e+00 2.231696383919506421e-01 2.830416584977564455e-27
-1.529411764705882248e+00 2.231696383919507531e-01 2.957817621170756785e-27
-1.450980392156862919e+00 2.231696383919508364e-01 3.090346253247885334e-27
-1.372549019607843590e+00 2.231696383919509197e-01 3.216169567630635282e-27
-1.294117647058824261e+00 2.231696383919510307e-01 3.342387312465995736e-27
-1.215686274509803155e+00 2.231696383919511140e-01 3.467618981169829208e-27
-1.137254901960783826e+00 2.231696383919511972e-01 3.590484067157999644e-27
-1.058823529411764497e+00 2.231696383919513083e-01 3.707827126809622998e-27
-9.803921568627451677e-01 2.231696383919513915e-01 3.819648160124698551e-27
-9.019607843137258385e-01 2.231696383919514748e-01 3.939357802491984940e-27
-8.235294117647065093e-01 2.231696383919515858e-01 4.051376051033366464e-27
-7.450980392156871801e-01 2.231696383919516968e-01 4.158069488464506158e-27
-6.666666666666660745e-01 2.231696383919517801e-01 4.265551786800867582e-27
-5.882352941176467453e-01 2.231696383919518911e-01 4.366525982669155658e-27
-5.098039215686274161e-01 2.231696383919520021e-01 4.466514102405917470e-27
-4.313725490196080870e-01 2.231696383919520854e-01 4.556247030374806127e-27
-3.529411764705887578e-01 2.231696383919521964e-01 4.651107554227631362e-27
-2.745098039215694286e-01 2.231696383919523075e-01 4.738769722320315582e-27
-1.960784313725483230e-01 2.231696383919523907e-01 4.833334423333683654e-27
-1.176470588235289938e-01 2.231696383919525017e-01 4.921884059944742229e-27
-3.921568627450966460e-02 2.231696383919526128e-01 5.003235340795659072e-27
3.921568627450966460e-02 2.231696383919527238e-01 5.090897508888344009e-27
1.176470588235289938e-01 2.231696383919528348e-01 5.171361321220887930e-27
1.960784313725483230e-01 2.231696383919529736e-01 5.241569941785558698e-27
2.745098039215676522e-01 2.231696383919531124e-01 5.314539575518503008e-27
3.529411764705887578e-01 2.231696383919532789e-01 5.387509209251448035e-27
4.313725490196080870e-01 2.231696383919534454e-01 5.459295551626560827e-27
5.098039215686274161e-01 2.231696383919536120e-01 5.521221132686411688e-27
5.882352941176467453e-01 2.231696383919538063e-01 5.587091018272367609e-27
6.666666666666660745e-01 2.231696383919540005e-01 5.642311281637839870e-27
7.450980392156854037e-01 2.231696383919541948e-01 5.703448001792469720e-27
8.235294117647065093e-01 2.231696383919544446e-01 5.752357377916173887e-27
9.019607843137258385e-01 2.231696383919546944e-01 5.800872323587268265e-27
9.803921568627451677e-01 2.231696383919549442e-01 5.845837395184868091e-27
1.058823529411764497e+00 2.231696383919552495e-01 5.891196897235077704e-27
1.137254901960783826e+00 2.231696383919555271e-01 5.922751333443919612e-27
1.215686274509803155e+00 2.231696383919558324e-01 5.955686276236899007e-27
1.294117647058822484e+00 2.231696383919561932e-01 5.984676914503772626e-27
1.372549019607843590e+00 2.231696383919565263e-01 6.009131602565625427e-27
1.450980392156862919e+00 2.231696383919568871e-01 6.027078188159404880e-27
1.529411764705882248e+00 2.231696383919573035e-01 6.046602495563625640e-27
1.607843137254901578e+00 2.231696383919576920e-01 6.060407561404994781e-27
1.686274509803920907e+00 2.231696383919581084e-01 6.077959716546163011e-27
1.764705882352940236e+00 2.231696383919585802e-01 6.086242756050985070e-27
1.843137254901961342e+00 2.231696383919590243e-01 6.095117441234722171e-27
1.921568627450980671e+00 2.231696383919594961e-01 6.095314656461028858e-27
2.000000000000000000e+00 2.231696383919599957e-01 6.097484023950387358e-27
2.078431372549019329e+00 2.231696383919604953e-01 6.093934149876893523e-27
2.156862745098038658e+00 2.231696383919610227e-01 6.085256679919463110e-27
2.235294117647057988e+00 2.231696383919615223e-01 6.071846044530705910e-27
2.313725490196079093e+00 2.231696383919620219e-01 6.064746296383717521e-27
2.392156862745098422e+00 2.231696383919625493e-01 6.044235912847971214e-27
2.470588235294117752e+00 2.231696383919630489e-01 6.019781224786120565e-27
2.549019607843137081e+00 2.231696383919635762e-01 5.998531284151729560e-27
2.627450980392156410e+00 2.231696383919640758e-01 5.966237290844244389e-27
2.705882352941175739e+00 2.231696383919645754e-01 5.932168360500011942e-27
2.784313725490195068e+00 2.231696383919651028e-01 5.898520053255633667e-27
2.862745098039216174e+00 2.231696383919656024e-01 5.859987587672289362e-27
2.941176470588235503e+00 2.231696383919661020e-01 5.826411695393819329e-27
3.019607843137254832e+00 2.231696383919666016e-01 5.781348016183069030e-27
3.098039215686274161e+00 2.231696383919671012e-01 5.734706615161875989e-27
3.176470588235293491e+00 2.231696383919676008e-01 5.680472427927930710e-27
3.254901960784312820e+00 2.231696383919681004e-01 5.629295076701716852e-27
3.333333333333333925e+00 2.231696383919686000e-01 5.568454179386544881e-27
3.411764705882353255e+00 2.231696383919690996e-01 5.506232775487236858e-27
3.490196078431372584e+00 2.231696383919695992e-01 5.444307194427385996e-27
3.568627450980391913e+00 2.231696383919700988e-01 5.380409461104482605e-27
3.647058823529411242e+00 2.231696383919705984e-01 5.306650966466316566e-27
3.725490196078430571e+00 2.231696383919710980e-01 5.234075763185982045e-27
3.803921568627451677e+00 2.231696383919715976e-01 5.160120053321510036e-27
3.882352941176471006e+00 2.231696383919720972e-01 5.079853456215269932e-27
3.960784313725490335e+00 2.231696383919725968e-01 4.994853693677703758e-27
4.039215686274509665e+00 2.231696383919730964e-01 4.906698487519252819e-27
4.117647058823528994e+00 2.231696383919735960e-01 4.818543281360802597e-27
4.196078431372548323e+00 2.231696383919740956e-01 4.733346303596931170e-27
4.274509803921567652e+00 2.231696383919745674e-01 4.632963753407555265e-27
4.352941176470588758e+00 2.231696383919750670e-01 4.534158925028622102e-27
4.431372549019608087e+00 2.231696383919755666e-01 4.427662702823784073e-27
4.509803921568627416e+00 2.231696383919760385e-01 4.322941417655693321e-27
4.588235294117646745e+00 2.231696383919765381e-01 4.211120384340613463e-27
4.666666666666666075e+00 2.231696383919770377e-01 4.101271503288586134e-27
4.745098039215685404e+00 2.231696383919775095e-01 3.993098951660154172e-27
4.823529411764706509e+00 2.231696383919780091e-01 3.881179310731922405e-27
4.901960784313725839e+00 2.231696383919785087e-01 3.759497516101581334e-27
4.980392156862745168e+00 2.231696383919789806e-01 3.639492050894834913e-27
5.058823529411764497e+00 2.231696383919794524e-01 3.515542281161983433e-27
5.137254901960783826e+00 2.231696383919799520e-01 3.389324536326622262e-27
5.215686274509803155e+00 2.231696383919803961e-01 3.261529069680819067e-27
5.294117647058822484e+00 2.231696383919808402e-01 3.133339172582405725e-27
5.372549019607843590e+00 2.231696383919812843e-01 2.999627249147445300e-27
5.450980392156862919e+00 2.231696383919817006e-01 2.871831782501642464e-27
5.529411764705882248e+00 2.231696383919821169e-01 2.737330998161461027e-27
5.607843137254901578e+00 2.231696383919825333e-01 2.603619074726500961e-27
5.686274509803920907e+00 2.231696383919829219e-01 2.460835250881499259e-27
5.764705882352940236e+00 2.231696383919833104e-01 2.320812440204771099e-27
5.843137254901961342e+00 2.231696383919836713e-01 2.178817477264990767e-27
5.921568627450980671e+00 2.231696383919840043e-01 2.033272640251715883e-27
6.000000000000000000e+00 2.231696383919843374e-01 1.888911094596272516e-27
6.078431372549019329e+00 2.231696383919846427e-01 1.739421953056892573e-27
6.156862745098038658e+00 2.231696383919849480e-01 1.585594076538796885e-27
6.235294117647057988e+00 2.231696383919852256e-01 1.431174554341785438e-27
6.313725490196077317e+00 2.231696383919854754e-01 1.275571740786942474e-27
6.392156862745096646e+00 2.231696383919857252e-01 1.121743864268846607e-27
6.470588235294115975e+00 2.231696383919859472e-01 9.700853552401083427e-28
6.549019607843135304e+00 2.231696383919861415e-01 8.140881112326545138e-28
6.627450980392158186e+00 2.231696383919863358e-01 6.567103606410637348e-28
6.705882352941177516e+00 2.231696383919865023e-01 5.022908384440517501e-28
6.784313725490196845e+00 2.231696383919866411e-01 3.445186573998504652e-28
6.862745098039216174e+00 2.231696383919867799e-01 1.845771088662913530e-28
6.941176470588235503e+00 2.231696383919868909e-01 2.266340806967968888e-29
7.019607843137254832e+00 2.231696383919870019e-01 -1.384614318217110980e-28
7.098039215686274161e+00 2.231696383919870852e-01 -2.942614606028602121e-28
7.176470588235293491e+00 2.231696383919871407e-01 -4.547946548153355315e-28
7.254901960784312820e+00 2.231696383919872240e-01 -6.125668358595375339e-28
7.333333333333332149e+00 2.231696383919872517e-01 -7.738888909772339997e-28
7.411764705882351478e+00 2.231696383919872517e-01 -9.332387938318780256e-28
7.490196078431370807e+00 2.231696383919872795e-01 -1.090616544423469701e-27
7.568627450980393689e+00 2.231696383919872517e-01 -1.250410181537300726e-27
7.647058823529413019e+00 2.231696383919872240e-01 -1.405865083672416185e-27
7.725490196078432348e+00 2.231696383919871962e-01 -1.560333909676005560e-27
7.803921568627451677e+00 2.231696383919871129e-01 -1.716801080589891130e-27
7.882352941176471006e+00 2.231696383919870297e-01 -1.876667132669631652e-27
7.960784313725490335e+00 2.231696383919869464e-01 -2.032023427191595023e-27
8.039215686274509665e+00 2.231696383919868354e-01 -2.185752696096540058e-27
8.117647058823528994e+00 2.231696383919866966e-01 -2.336720951833211551e-27
8.196078431372548323e+00 2.231696383919865578e-01 -2.484829586788457235e-27
8.274509803921567652e+00 2.231696383919863913e-01 -2.635600627298824192e-27
8.352941176470586981e+00 2.231696383919861970e-01 -2.779074704435896791e-27
8.431372549019606311e+00 2.231696383919860027e-01 -2.921957135894053630e-27
8.509803921568625640e+00 2.231696383919857807e-01 -3.061191085665563290e-27
8.588235294117648522e+00 2.231696383919855309e-01 -3.204763770415788873e-27
8.666666666666667851e+00 2.231696383919852811e-01 -3.340842276566414845e-27
8.745098039215687180e+00 2.231696383919850035e-01 -3.476526352264430310e-27
8.823529411764706509e+00 2.231696383919846982e-01 -3.611618782283530734e-27
8.901960784313725839e+00 2.231696383919843929e-01 -3.744344629586968123e-27
8.980392156862745168e+00 2.231696383919840598e-01 -3.871548450553858429e-27
9.058823529411764497e+00 2.231696383919836990e-01 -3.993230245184202370e-27
9.137254901960783826e+00 2.231696383919833382e-01 -4.122800648866755711e-27
9.215686274509803155e+00 2.231696383919829496e-01 -4.244285228270793682e-27
9.294117647058822484e+00 2.231696383919825610e-01 -4.358472844301537293e-27
9.372549019607841814e+00 2.231696383919821447e-01 -4.473449321237501198e-27
9.450980392156861143e+00 2.231696383919817006e-01 -4.582312126158002262e-27
9.529411764705880472e+00 2.231696383919812565e-01 -4.687427841778703520e-27
9.607843137254903354e+00 2.231696383919807847e-01 -4.783866087441973649e-27
9.686274509803922683e+00 2.231696383919802851e-01 -4.881487624463075294e-27
9.764705882352942012e+00 2.231696383919797855e-01 -4.973685742760781767e-27
9.843137254901961342e+00 2.231696383919792581e-01 -5.071603102621340574e-27
9.921568627450980671e+00 2.231696383919787030e-01 -5.162913752400672691e-27
1.000000000000000000e+01 2.231696383919781479e-01 -5.245645539835726304e-27
